>>>>>>>> Nome do Arquivo: teste
17.900000
0 1 4 5 3 2 0 
---------------------
16.300000
0 1 5 4 3 2 0 
---------------------
16.300000
0 1 5 4 3 2 0 
---------------------
16.300000
0 1 5 4 3 2 0 
---------------------
16.300000
0 1 5 4 3 2 0 
---------------------
>>>>>>>> Nome do Arquivo: a280
3148.109600
0 279 1 2 278 277 3 276 275 274 273 272 271 270 15 16 17 18 19 20 127 126 125 124 29 30 31 28 27 26 25 21 24 22 23 13 12 11 10 9 7 6 8 5 4 259 258 257 256 253 252 207 206 209 208 251 254 255 248 247 246 243 240 239 238 237 230 231 232 233 234 235 236 245 244 249 250 229 228 227 226 225 224 223 222 221 218 217 214 213 210 211 212 215 216 219 220 202 201 199 143 142 141 140 139 138 137 136 135 134 133 269 268 267 266 265 264 263 262 261 260 14 132 131 130 129 128 153 154 152 155 151 150 176 175 180 179 178 177 149 148 147 146 145 144 198 197 196 193 194 195 200 192 191 190 189 188 187 186 184 183 182 181 160 161 162 163 164 165 166 167 168 100 99 98 97 92 93 94 95 96 91 90 89 88 108 107 103 102 101 169 170 171 172 105 104 106 173 174 159 158 157 156 118 119 120 121 122 123 33 32 35 34 37 36 38 39 40 41 42 59 60 117 116 114 113 110 109 111 87 82 81 80 79 78 75 74 73 72 71 70 69 66 65 64 63 62 61 115 85 84 83 86 112 58 43 44 45 46 47 48 49 50 51 52 53 54 55 56 57 67 68 76 77 185 203 204 205 242 241 0 
---------------------
3148.109600
0 279 1 2 278 277 3 276 275 274 273 272 271 270 15 16 17 18 19 20 127 126 125 124 29 30 31 28 27 26 25 21 24 22 23 13 12 11 10 9 7 6 8 5 4 259 258 257 256 253 252 207 206 209 208 251 254 255 248 247 246 243 240 239 238 237 230 231 232 233 234 235 236 245 244 249 250 229 228 227 226 225 224 223 222 221 218 217 214 213 210 211 212 215 216 219 220 202 201 199 143 142 141 140 139 138 137 136 135 134 133 269 268 267 266 265 264 263 262 261 260 14 132 131 130 129 128 153 154 152 155 151 150 176 175 180 179 178 177 149 148 147 146 145 144 198 197 196 193 194 195 200 192 191 190 189 188 187 186 184 183 182 181 160 161 162 163 164 165 166 167 168 100 99 98 97 92 93 94 95 96 91 90 89 88 108 107 103 102 101 169 170 171 172 105 104 106 173 174 159 158 157 156 118 119 120 121 122 123 33 32 35 34 37 36 38 39 40 41 42 59 60 117 116 114 113 110 109 111 87 82 81 80 79 78 75 74 73 72 71 70 69 66 65 64 63 62 61 115 85 84 83 86 112 58 43 44 45 46 47 48 49 50 51 52 53 54 55 56 57 67 68 76 77 185 203 204 205 242 241 0 
---------------------
3148.109600
0 279 1 2 278 277 3 276 275 274 273 272 271 270 15 16 17 18 19 20 127 126 125 124 29 30 31 28 27 26 25 21 24 22 23 13 12 11 10 9 7 6 8 5 4 259 258 257 256 253 252 207 206 209 208 251 254 255 248 247 246 243 240 239 238 237 230 231 232 233 234 235 236 245 244 249 250 229 228 227 226 225 224 223 222 221 218 217 214 213 210 211 212 215 216 219 220 202 201 199 143 142 141 140 139 138 137 136 135 134 133 269 268 267 266 265 264 263 262 261 260 14 132 131 130 129 128 153 154 152 155 151 150 176 175 180 179 178 177 149 148 147 146 145 144 198 197 196 193 194 195 200 192 191 190 189 188 187 186 184 183 182 181 160 161 162 163 164 165 166 167 168 100 99 98 97 92 93 94 95 96 91 90 89 88 108 107 103 102 101 169 170 171 172 105 104 106 173 174 159 158 157 156 118 119 120 121 122 123 33 32 35 34 37 36 38 39 40 41 42 59 60 117 116 114 113 110 109 111 87 82 81 80 79 78 75 74 73 72 71 70 69 66 65 64 63 62 61 115 85 84 83 86 112 58 43 44 45 46 47 48 49 50 51 52 53 54 55 56 57 67 68 76 77 185 203 204 205 242 241 0 
---------------------
3148.109600
0 279 1 2 278 277 3 276 275 274 273 272 271 270 15 16 17 18 19 20 127 126 125 124 29 30 31 28 27 26 25 21 24 22 23 13 12 11 10 9 7 6 8 5 4 259 258 257 256 253 252 207 206 209 208 251 254 255 248 247 246 243 240 239 238 237 230 231 232 233 234 235 236 245 244 249 250 229 228 227 226 225 224 223 222 221 218 217 214 213 210 211 212 215 216 219 220 202 201 199 143 142 141 140 139 138 137 136 135 134 133 269 268 267 266 265 264 263 262 261 260 14 132 131 130 129 128 153 154 152 155 151 150 176 175 180 179 178 177 149 148 147 146 145 144 198 197 196 193 194 195 200 192 191 190 189 188 187 186 184 183 182 181 160 161 162 163 164 165 166 167 168 100 99 98 97 92 93 94 95 96 91 90 89 88 108 107 103 102 101 169 170 171 172 105 104 106 173 174 159 158 157 156 118 119 120 121 122 123 33 32 35 34 37 36 38 39 40 41 42 59 60 117 116 114 113 110 109 111 87 82 81 80 79 78 75 74 73 72 71 70 69 66 65 64 63 62 61 115 85 84 83 86 112 58 43 44 45 46 47 48 49 50 51 52 53 54 55 56 57 67 68 76 77 185 203 204 205 242 241 0 
---------------------
3148.109600
0 279 1 2 278 277 3 276 275 274 273 272 271 270 15 16 17 18 19 20 127 126 125 124 29 30 31 28 27 26 25 21 24 22 23 13 12 11 10 9 7 6 8 5 4 259 258 257 256 253 252 207 206 209 208 251 254 255 248 247 246 243 240 239 238 237 230 231 232 233 234 235 236 245 244 249 250 229 228 227 226 225 224 223 222 221 218 217 214 213 210 211 212 215 216 219 220 202 201 199 143 142 141 140 139 138 137 136 135 134 133 269 268 267 266 265 264 263 262 261 260 14 132 131 130 129 128 153 154 152 155 151 150 176 175 180 179 178 177 149 148 147 146 145 144 198 197 196 193 194 195 200 192 191 190 189 188 187 186 184 183 182 181 160 161 162 163 164 165 166 167 168 100 99 98 97 92 93 94 95 96 91 90 89 88 108 107 103 102 101 169 170 171 172 105 104 106 173 174 159 158 157 156 118 119 120 121 122 123 33 32 35 34 37 36 38 39 40 41 42 59 60 117 116 114 113 110 109 111 87 82 81 80 79 78 75 74 73 72 71 70 69 66 65 64 63 62 61 115 85 84 83 86 112 58 43 44 45 46 47 48 49 50 51 52 53 54 55 56 57 67 68 76 77 185 203 204 205 242 241 0 
---------------------
>>>>>>>> Nome do Arquivo: ali535
2671.067600
0 496 314 390 489 388 132 404 460 135 469 49 87 190 339 500 117 184 415 396 29 412 192 75 188 395 67 121 17 15 361 100 342 112 326 504 169 292 202 344 211 88 92 318 126 464 174 337 289 269 331 171 27 418 24 90 272 371 328 436 457 533 209 270 271 279 285 106 355 195 257 320 343 170 201 383 57 165 452 365 178 139 490 89 82 233 413 353 384 494 113 128 80 399 261 473 480 206 46 387 225 19 509 530 69 294 510 374 430 363 275 181 514 463 14 207 263 16 484 402 103 125 401 12 8 194 281 471 474 349 155 70 118 189 414 73 373 348 240 345 59 156 379 280 129 266 284 7 3 483 259 99 187 253 104 182 350 287 290 193 196 427 77 145 531 386 299 238 341 168 243 71 51 9 203 235 45 10 422 142 32 232 306 30 23 481 56 144 347 21 260 39 408 231 230 505 127 97 372 453 449 448 35 216 52 316 277 154 486 219 20 367 295 482 199 434 479 114 478 146 444 454 528 411 276 492 506 400 493 511 64 274 313 336 491 204 304 532 459 191 115 166 86 213 214 357 74 1 183 198 370 13 130 319 497 53 476 465 161 264 265 354 334 468 278 208 300 529 508 93 394 248 513 197 205 31 458 351 215 262 330 227 358 175 26 101 291 34 157 249 419 152 40 158 38 167 440 78 303 467 2 252 186 63 431 477 41 470 241 420 149 250 109 141 534 406 72 502 389 251 442 236 160 325 162 391 246 79 466 107 305 307 11 122 134 18 338 416 359 488 244 218 102 217 439 435 346 369 220 498 352 377 321 288 123 76 293 83 245 317 437 310 485 327 286 324 333 237 147 131 55 403 455 91 44 487 228 33 409 335 95 179 417 429 282 273 212 501 120 81 133 43 298 37 136 108 254 392 503 185 397 28 60 421 105 297 447 432 375 247 340 311 366 302 140 36 65 499 138 137 124 119 520 164 163 385 96 224 527 518 517 239 522 519 62 85 48 267 234 356 177 381 42 148 223 512 380 229 116 364 456 315 301 362 329 226 524 68 450 255 268 256 424 382 4 172 22 58 360 495 151 143 222 426 332 312 210 423 475 309 445 446 398 393 6 308 150 525 515 523 433 438 443 25 180 221 47 516 521 526 472 451 428 242 405 5 296 283 66 110 173 159 98 111 258 368 376 407 153 323 54 461 61 84 94 50 322 462 176 378 441 200 410 425 507 0 
---------------------
2671.067600
0 496 314 390 489 388 132 404 460 135 469 49 87 190 339 500 117 184 415 396 29 412 192 75 188 395 67 121 17 15 361 100 342 112 326 504 169 292 202 344 211 88 92 318 126 464 174 337 289 269 331 171 27 418 24 90 272 371 328 436 457 533 209 270 271 279 285 106 355 195 257 320 343 170 201 383 57 165 452 365 178 139 490 89 82 233 413 353 384 494 113 128 80 399 261 473 480 206 46 387 225 19 509 530 69 294 510 374 430 363 275 181 514 463 14 207 263 16 484 402 103 125 401 12 8 194 281 471 474 349 155 70 118 189 414 73 373 348 240 345 59 156 379 280 129 266 284 7 3 483 259 99 187 253 104 182 350 287 290 193 196 427 77 145 531 386 299 238 341 168 243 71 51 9 203 235 45 10 422 142 32 232 306 30 23 481 56 144 347 21 260 39 408 231 230 505 127 97 372 453 449 448 35 216 52 316 277 154 486 219 20 367 295 482 199 434 479 114 478 146 444 454 528 411 276 492 506 400 493 511 64 274 313 336 491 204 304 532 459 191 115 166 86 213 214 357 74 1 183 198 370 13 130 319 497 53 476 465 161 264 265 354 334 468 278 208 300 529 508 93 394 248 513 197 205 31 458 351 215 262 330 227 358 175 26 101 291 34 157 249 419 152 40 158 38 167 440 78 303 467 2 252 186 63 431 477 41 470 241 420 149 250 109 141 534 406 72 502 389 251 442 236 160 325 162 391 246 79 466 107 305 307 11 122 134 18 338 416 359 488 244 218 102 217 439 435 346 369 220 498 352 377 321 288 123 76 293 83 245 317 437 310 485 327 286 324 333 237 147 131 55 403 455 91 44 487 228 33 409 335 95 179 417 429 282 273 212 501 120 81 133 43 298 37 136 108 254 392 503 185 397 28 60 421 105 297 447 432 375 247 340 311 366 302 140 36 65 499 138 137 124 119 520 164 163 385 96 224 527 518 517 239 522 519 62 85 48 267 234 356 177 381 42 148 223 512 380 229 116 364 456 315 301 362 329 226 524 68 450 255 268 256 424 382 4 172 22 58 360 495 151 143 222 426 332 312 210 423 475 309 445 446 398 393 6 308 150 525 515 523 433 438 443 25 180 221 47 516 521 526 472 451 428 242 405 5 296 283 66 110 173 159 98 111 258 368 376 407 153 323 54 461 61 84 94 50 322 462 176 378 441 200 410 425 507 0 
---------------------
2671.067600
0 496 314 390 489 388 132 404 460 135 469 49 87 190 339 500 117 184 415 396 29 412 192 75 188 395 67 121 17 15 361 100 342 112 326 504 169 292 202 344 211 88 92 318 126 464 174 337 289 269 331 171 27 418 24 90 272 371 328 436 457 533 209 270 271 279 285 106 355 195 257 320 343 170 201 383 57 165 452 365 178 139 490 89 82 233 413 353 384 494 113 128 80 399 261 473 480 206 46 387 225 19 509 530 69 294 510 374 430 363 275 181 514 463 14 207 263 16 484 402 103 125 401 12 8 194 281 471 474 349 155 70 118 189 414 73 373 348 240 345 59 156 379 280 129 266 284 7 3 483 259 99 187 253 104 182 350 287 290 193 196 427 77 145 531 386 299 238 341 168 243 71 51 9 203 235 45 10 422 142 32 232 306 30 23 481 56 144 347 21 260 39 408 231 230 505 127 97 372 453 449 448 35 216 52 316 277 154 486 219 20 367 295 482 199 434 479 114 478 146 444 454 528 411 276 492 506 400 493 511 64 274 313 336 491 204 304 532 459 191 115 166 86 213 214 357 74 1 183 198 370 13 130 319 497 53 476 465 161 264 265 354 334 468 278 208 300 529 508 93 394 248 513 197 205 31 458 351 215 262 330 227 358 175 26 101 291 34 157 249 419 152 40 158 38 167 440 78 303 467 2 252 186 63 431 477 41 470 241 420 149 250 109 141 534 406 72 502 389 251 442 236 160 325 162 391 246 79 466 107 305 307 11 122 134 18 338 416 359 488 244 218 102 217 439 435 346 369 220 498 352 377 321 288 123 76 293 83 245 317 437 310 485 327 286 324 333 237 147 131 55 403 455 91 44 487 228 33 409 335 95 179 417 429 282 273 212 501 120 81 133 43 298 37 136 108 254 392 503 185 397 28 60 421 105 297 447 432 375 247 340 311 366 302 140 36 65 499 138 137 124 119 520 164 163 385 96 224 527 518 517 239 522 519 62 85 48 267 234 356 177 381 42 148 223 512 380 229 116 364 456 315 301 362 329 226 524 68 450 255 268 256 424 382 4 172 22 58 360 495 151 143 222 426 332 312 210 423 475 309 445 446 398 393 6 308 150 525 515 523 433 438 443 25 180 221 47 516 521 526 472 451 428 242 405 5 296 283 66 110 173 159 98 111 258 368 376 407 153 323 54 461 61 84 94 50 322 462 176 378 441 200 410 425 507 0 
---------------------
2671.067600
0 496 314 390 489 388 132 404 460 135 469 49 87 190 339 500 117 184 415 396 29 412 192 75 188 395 67 121 17 15 361 100 342 112 326 504 169 292 202 344 211 88 92 318 126 464 174 337 289 269 331 171 27 418 24 90 272 371 328 436 457 533 209 270 271 279 285 106 355 195 257 320 343 170 201 383 57 165 452 365 178 139 490 89 82 233 413 353 384 494 113 128 80 399 261 473 480 206 46 387 225 19 509 530 69 294 510 374 430 363 275 181 514 463 14 207 263 16 484 402 103 125 401 12 8 194 281 471 474 349 155 70 118 189 414 73 373 348 240 345 59 156 379 280 129 266 284 7 3 483 259 99 187 253 104 182 350 287 290 193 196 427 77 145 531 386 299 238 341 168 243 71 51 9 203 235 45 10 422 142 32 232 306 30 23 481 56 144 347 21 260 39 408 231 230 505 127 97 372 453 449 448 35 216 52 316 277 154 486 219 20 367 295 482 199 434 479 114 478 146 444 454 528 411 276 492 506 400 493 511 64 274 313 336 491 204 304 532 459 191 115 166 86 213 214 357 74 1 183 198 370 13 130 319 497 53 476 465 161 264 265 354 334 468 278 208 300 529 508 93 394 248 513 197 205 31 458 351 215 262 330 227 358 175 26 101 291 34 157 249 419 152 40 158 38 167 440 78 303 467 2 252 186 63 431 477 41 470 241 420 149 250 109 141 534 406 72 502 389 251 442 236 160 325 162 391 246 79 466 107 305 307 11 122 134 18 338 416 359 488 244 218 102 217 439 435 346 369 220 498 352 377 321 288 123 76 293 83 245 317 437 310 485 327 286 324 333 237 147 131 55 403 455 91 44 487 228 33 409 335 95 179 417 429 282 273 212 501 120 81 133 43 298 37 136 108 254 392 503 185 397 28 60 421 105 297 447 432 375 247 340 311 366 302 140 36 65 499 138 137 124 119 520 164 163 385 96 224 527 518 517 239 522 519 62 85 48 267 234 356 177 381 42 148 223 512 380 229 116 364 456 315 301 362 329 226 524 68 450 255 268 256 424 382 4 172 22 58 360 495 151 143 222 426 332 312 210 423 475 309 445 446 398 393 6 308 150 525 515 523 433 438 443 25 180 221 47 516 521 526 472 451 428 242 405 5 296 283 66 110 173 159 98 111 258 368 376 407 153 323 54 461 61 84 94 50 322 462 176 378 441 200 410 425 507 0 
---------------------
2671.067600
0 496 314 390 489 388 132 404 460 135 469 49 87 190 339 500 117 184 415 396 29 412 192 75 188 395 67 121 17 15 361 100 342 112 326 504 169 292 202 344 211 88 92 318 126 464 174 337 289 269 331 171 27 418 24 90 272 371 328 436 457 533 209 270 271 279 285 106 355 195 257 320 343 170 201 383 57 165 452 365 178 139 490 89 82 233 413 353 384 494 113 128 80 399 261 473 480 206 46 387 225 19 509 530 69 294 510 374 430 363 275 181 514 463 14 207 263 16 484 402 103 125 401 12 8 194 281 471 474 349 155 70 118 189 414 73 373 348 240 345 59 156 379 280 129 266 284 7 3 483 259 99 187 253 104 182 350 287 290 193 196 427 77 145 531 386 299 238 341 168 243 71 51 9 203 235 45 10 422 142 32 232 306 30 23 481 56 144 347 21 260 39 408 231 230 505 127 97 372 453 449 448 35 216 52 316 277 154 486 219 20 367 295 482 199 434 479 114 478 146 444 454 528 411 276 492 506 400 493 511 64 274 313 336 491 204 304 532 459 191 115 166 86 213 214 357 74 1 183 198 370 13 130 319 497 53 476 465 161 264 265 354 334 468 278 208 300 529 508 93 394 248 513 197 205 31 458 351 215 262 330 227 358 175 26 101 291 34 157 249 419 152 40 158 38 167 440 78 303 467 2 252 186 63 431 477 41 470 241 420 149 250 109 141 534 406 72 502 389 251 442 236 160 325 162 391 246 79 466 107 305 307 11 122 134 18 338 416 359 488 244 218 102 217 439 435 346 369 220 498 352 377 321 288 123 76 293 83 245 317 437 310 485 327 286 324 333 237 147 131 55 403 455 91 44 487 228 33 409 335 95 179 417 429 282 273 212 501 120 81 133 43 298 37 136 108 254 392 503 185 397 28 60 421 105 297 447 432 375 247 340 311 366 302 140 36 65 499 138 137 124 119 520 164 163 385 96 224 527 518 517 239 522 519 62 85 48 267 234 356 177 381 42 148 223 512 380 229 116 364 456 315 301 362 329 226 524 68 450 255 268 256 424 382 4 172 22 58 360 495 151 143 222 426 332 312 210 423 475 309 445 446 398 393 6 308 150 525 515 523 433 438 443 25 180 221 47 516 521 526 472 451 428 242 405 5 296 283 66 110 173 159 98 111 258 368 376 407 153 323 54 461 61 84 94 50 322 462 176 378 441 200 410 425 507 0 
---------------------
>>>>>>>> Nome do Arquivo: ch130
7575.286000
0 40 38 70 129 49 1 117 79 45 19 34 53 16 30 33 26 18 99 115 23 14 28 94 78 37 105 57 48 52 119 59 50 41 43 39 46 36 21 22 121 54 13 9 66 95 12 32 20 17 7 107 113 2 82 29 58 120 77 89 124 84 65 27 114 61 104 111 116 127 15 44 75 108 60 128 123 25 96 69 6 62 67 97 109 88 93 76 102 80 86 11 64 55 56 8 51 74 73 98 72 91 71 90 5 101 92 3 125 4 10 63 68 87 85 126 106 103 42 47 24 31 112 35 83 118 110 122 100 81 0 
---------------------
7575.286000
0 40 38 70 129 49 1 117 79 45 19 34 53 16 30 33 26 18 99 115 23 14 28 94 78 37 105 57 48 52 119 59 50 41 43 39 46 36 21 22 121 54 13 9 66 95 12 32 20 17 7 107 113 2 82 29 58 120 77 89 124 84 65 27 114 61 104 111 116 127 15 44 75 108 60 128 123 25 96 69 6 62 67 97 109 88 93 76 102 80 86 11 64 55 56 8 51 74 73 98 72 91 71 90 5 101 92 3 125 4 10 63 68 87 85 126 106 103 42 47 24 31 112 35 83 118 110 122 100 81 0 
---------------------
7575.286000
0 40 38 70 129 49 1 117 79 45 19 34 53 16 30 33 26 18 99 115 23 14 28 94 78 37 105 57 48 52 119 59 50 41 43 39 46 36 21 22 121 54 13 9 66 95 12 32 20 17 7 107 113 2 82 29 58 120 77 89 124 84 65 27 114 61 104 111 116 127 15 44 75 108 60 128 123 25 96 69 6 62 67 97 109 88 93 76 102 80 86 11 64 55 56 8 51 74 73 98 72 91 71 90 5 101 92 3 125 4 10 63 68 87 85 126 106 103 42 47 24 31 112 35 83 118 110 122 100 81 0 
---------------------
7575.286000
0 40 38 70 129 49 1 117 79 45 19 34 53 16 30 33 26 18 99 115 23 14 28 94 78 37 105 57 48 52 119 59 50 41 43 39 46 36 21 22 121 54 13 9 66 95 12 32 20 17 7 107 113 2 82 29 58 120 77 89 124 84 65 27 114 61 104 111 116 127 15 44 75 108 60 128 123 25 96 69 6 62 67 97 109 88 93 76 102 80 86 11 64 55 56 8 51 74 73 98 72 91 71 90 5 101 92 3 125 4 10 63 68 87 85 126 106 103 42 47 24 31 112 35 83 118 110 122 100 81 0 
---------------------
7575.286000
0 40 38 70 129 49 1 117 79 45 19 34 53 16 30 33 26 18 99 115 23 14 28 94 78 37 105 57 48 52 119 59 50 41 43 39 46 36 21 22 121 54 13 9 66 95 12 32 20 17 7 107 113 2 82 29 58 120 77 89 124 84 65 27 114 61 104 111 116 127 15 44 75 108 60 128 123 25 96 69 6 62 67 97 109 88 93 76 102 80 86 11 64 55 56 8 51 74 73 98 72 91 71 90 5 101 92 3 125 4 10 63 68 87 85 126 106 103 42 47 24 31 112 35 83 118 110 122 100 81 0 
---------------------
>>>>>>>> Nome do Arquivo: fl1577
27343.873900
0 1 2 3 4 21 22 23 24 25 14 13 12 35 48 50 60 51 59 46 47 61 49 34 11 33 26 32 27 31 28 29 30 64 89 103 102 88 65 66 87 101 86 67 68 85 123 122 121 120 119 118 125 117 126 116 127 115 128 129 130 131 132 133 98 92 99 91 81 71 52 53 72 73 80 93 94 79 78 74 77 75 76 41 40 42 39 43 38 44 37 45 36 54 10 6 5 70 82 83 69 84 58 100 114 105 113 106 112 107 111 108 110 109 97 96 95 57 56 55 19 18 17 16 15 7 8 9 20 1364 1315 1365 1275 1227 1228 1274 1226 1225 1314 1366 1367 1313 1276 1224 1277 1223 1278 1368 1312 1369 1370 1279 1222 1221 1280 1371 1311 1372 1310 1219 1373 1374 1309 1375 1308 1376 1307 1377 1378 1217 1218 1282 1281 1220 1283 1216 1284 1215 1285 1214 1286 1213 1287 1212 1288 1211 1289 1210 1290 1209 1291 1208 1292 1207 1293 1206 1294 1205 1295 1390 1296 1389 1297 1388 1298 1387 1299 1386 1300 1385 1301 1384 1302 1383 1303 1382 1304 1381 1305 1380 1306 1379 147 146 145 144 143 142 134 149 148 161 160 159 158 157 336 337 338 339 340 341 342 343 344 345 346 347 348 349 350 351 352 353 354 355 356 357 358 359 360 361 362 363 364 365 366 367 368 369 370 371 372 373 374 375 376 377 378 379 380 381 382 383 310 309 308 307 306 305 304 303 302 301 300 299 298 297 296 295 294 293 292 291 290 289 288 287 286 285 284 283 282 281 280 279 278 277 276 275 274 273 272 271 270 269 268 267 266 265 264 263 262 261 260 259 258 257 256 255 254 253 252 251 250 249 248 247 246 245 244 243 242 241 240 239 235 234 233 232 231 230 229 228 227 226 225 224 223 222 221 220 219 218 217 216 215 214 213 212 211 210 209 208 207 206 205 204 203 202 152 201 153 200 154 199 155 198 156 197 196 195 194 193 192 191 190 189 188 187 186 185 184 183 182 181 180 179 178 177 176 175 174 173 172 171 170 169 168 167 166 165 164 163 162 384 385 386 387 388 389 390 391 392 393 394 395 396 397 398 399 400 401 402 403 404 405 406 407 408 409 410 411 412 413 414 415 416 417 418 419 420 421 422 423 424 425 426 427 428 335 334 333 332 331 330 329 328 327 326 325 324 323 322 321 320 319 318 317 316 315 314 313 312 311 488 487 486 485 484 483 429 482 430 481 431 480 432 479 433 478 434 477 435 476 436 475 437 474 438 473 439 472 440 471 501 500 499 498 497 496 495 494 493 492 491 490 502 489 503 504 505 506 507 508 509 510 511 512 513 514 515 516 517 518 519 520 521 522 523 524 525 526 527 528 529 530 531 532 533 534 535 536 537 538 539 540 541 542 543 544 545 546 547 548 549 550 551 552 553 554 555 566 656 567 655 568 654 569 653 570 652 571 651 572 650 573 649 574 648 575 647 576 646 577 645 578 644 579 643 580 642 581 641 582 640 583 639 584 638 585 637 586 636 587 635 588 634 589 633 590 632 591 631 592 630 593 629 594 628 595 627 596 626 597 625 598 624 599 623 600 622 601 621 602 620 603 619 604 618 605 617 606 616 607 615 608 614 613 612 611 610 609 709 710 703 711 702 712 701 713 700 714 699 715 698 716 697 717 696 718 695 719 694 720 693 721 692 722 691 723 690 724 689 725 688 726 687 727 686 728 685 729 684 730 683 731 682 732 681 733 680 734 679 735 678 736 677 737 676 738 675 739 674 740 673 741 672 742 671 743 670 744 669 668 667 666 665 664 663 662 661 660 659 658 657 565 564 563 562 561 560 559 558 557 556 745 807 875 808 809 810 811 812 813 814 815 816 817 818 819 820 821 822 823 824 825 826 827 828 829 830 831 832 833 834 835 836 837 838 839 840 841 842 843 844 845 846 847 848 849 850 851 852 853 854 855 856 857 858 859 860 861 862 863 864 865 866 867 868 869 870 871 872 873 874 238 237 236 135 136 137 138 139 140 141 151 150 104 90 63 62 124 1316 1363 1317 1362 1318 1361 1319 1360 1320 1359 1321 1358 1322 1357 1323 1356 1324 1355 1325 1354 1326 1353 1327 1352 1262 1240 1263 1239 1264 1238 1265 1237 1266 1236 1267 1235 1268 1234 1269 1233 1270 1232 1271 1231 1272 1230 1273 1229 1351 1350 1328 1349 1329 1348 1330 1347 1260 1261 1242 1241 1346 1243 1331 1345 1332 1344 1259 1245 1258 1246 1343 1342 1257 1247 1256 1248 1255 1333 1341 1334 1340 1335 1339 1249 1250 1251 1254 1252 1253 1336 1338 1337 1244 447 446 445 444 443 442 441 448 449 450 451 452 453 454 455 456 457 458 459 460 461 462 463 464 465 466 467 468 469 470 787 918 917 786 785 916 915 784 783 914 913 782 781 912 911 780 779 910 909 778 777 908 907 776 775 906 905 774 773 904 903 772 771 902 901 770 769 900 899 768 767 898 897 766 765 896 895 764 763 894 893 762 761 892 891 760 759 890 889 758 757 888 887 756 755 886 885 798 754 753 799 752 800 751 801 750 802 749 803 748 804 747 805 746 806 877 878 879 880 881 882 883 884 876 932 931 930 929 933 928 934 935 948 972 986 996 987 995 1008 1007 1006 985 974 946 975 945 944 943 998 1051 1052 1060 1078 1079 1075 1050 997 1049 1074 1073 1072 1087 1086 1071 1061 1070 1080 1069 1081 1063 1062 1009 994 988 970 949 950 969 951 968 952 967 953 966 990 965 991 964 954 963 955 962 956 961 957 960 958 959 1019 1018 1017 1016 1015 1014 992 1013 1012 1011 1048 1010 989 1068 1083 1084 1085 1092 1093 1094 1095 1096 1065 1066 1067 1064 1020 1021 1022 1023 1024 1025 1026 1027 1028 1029 1030 1031 1032 1033 1034 1035 1036 1037 1038 1039 1040 1041 1042 1043 1044 1045 1046 1047 1102 1103 1104 1105 1106 1107 1108 1109 1110 1111 1112 1113 1114 1115 1116 1117 1118 1119 1120 1121 1122 1123 1124 1125 1126 1127 1128 1129 1130 1131 1132 1133 1134 1135 1204 1203 1136 1137 1202 1201 1138 1139 1140 1141 1142 1143 1144 1145 1146 1147 1148 1149 1150 1151 1152 1153 1154 1155 1156 1157 1158 1159 1160 1161 1162 1163 1164 1165 1166 1167 1168 1169 1170 1171 1172 1173 1174 1175 1176 1177 1178 1179 1180 1181 1182 1183 1184 1185 1186 1187 1188 1189 1190 1191 1192 1193 1194 1195 1196 1197 1198 1199 1200 1391 1439 1392 1440 1393 1441 1394 1442 1484 1525 1483 1524 1482 1523 1481 1526 1485 1443 1395 1396 1444 1397 1445 1398 1446 1399 1447 1400 1448 1401 1449 1402 1450 1492 1533 1491 1532 1490 1531 1489 1530 1488 1529 1487 1528 1486 1527 1534 1576 1575 1522 1574 1521 1573 1520 1572 1479 1480 1437 1438 1571 1436 1519 1570 1518 1569 1478 1434 1477 1433 1568 1567 1476 1432 1475 1431 1474 1516 1565 1515 1564 1429 1430 1428 1473 1427 1472 1514 1562 1563 1517 1566 1435 1099 1098 1097 1100 1101 1088 1089 1076 1054 1005 1055 1004 1056 1003 1057 1058 1059 936 937 938 939 979 940 978 941 977 942 976 983 1001 984 1000 999 1053 1002 982 981 980 1077 1090 973 947 971 993 1082 1091 1403 1451 1404 1452 1405 1453 1406 1454 1496 1538 1497 1455 1407 1408 1456 1409 1457 1410 1458 1411 1459 1412 1460 1413 1461 1414 1462 1504 1546 1545 1503 1544 1502 1543 1501 1542 1500 1541 1499 1540 1498 1539 1537 1495 1536 1494 1535 1493 1561 1560 1513 1559 1512 1558 1511 1557 1470 1471 1425 1426 1556 1424 1510 1555 1509 1554 1469 1422 1468 1421 1553 1552 1467 1420 1466 1419 1465 1507 1550 1506 1549 1417 1416 1464 1415 1463 1505 1548 1547 1418 1508 1551 1423 919 788 789 920 921 790 791 922 923 792 793 924 925 794 795 926 927 796 797 708 707 706 705 704 0 
---------------------
27343.873900
0 1 2 3 4 21 22 23 24 25 14 13 12 35 48 50 60 51 59 46 47 61 49 34 11 33 26 32 27 31 28 29 30 64 89 103 102 88 65 66 87 101 86 67 68 85 123 122 121 120 119 118 125 117 126 116 127 115 128 129 130 131 132 133 98 92 99 91 81 71 52 53 72 73 80 93 94 79 78 74 77 75 76 41 40 42 39 43 38 44 37 45 36 54 10 6 5 70 82 83 69 84 58 100 114 105 113 106 112 107 111 108 110 109 97 96 95 57 56 55 19 18 17 16 15 7 8 9 20 1364 1315 1365 1275 1227 1228 1274 1226 1225 1314 1366 1367 1313 1276 1224 1277 1223 1278 1368 1312 1369 1370 1279 1222 1221 1280 1371 1311 1372 1310 1219 1373 1374 1309 1375 1308 1376 1307 1377 1378 1217 1218 1282 1281 1220 1283 1216 1284 1215 1285 1214 1286 1213 1287 1212 1288 1211 1289 1210 1290 1209 1291 1208 1292 1207 1293 1206 1294 1205 1295 1390 1296 1389 1297 1388 1298 1387 1299 1386 1300 1385 1301 1384 1302 1383 1303 1382 1304 1381 1305 1380 1306 1379 147 146 145 144 143 142 134 149 148 161 160 159 158 157 336 337 338 339 340 341 342 343 344 345 346 347 348 349 350 351 352 353 354 355 356 357 358 359 360 361 362 363 364 365 366 367 368 369 370 371 372 373 374 375 376 377 378 379 380 381 382 383 310 309 308 307 306 305 304 303 302 301 300 299 298 297 296 295 294 293 292 291 290 289 288 287 286 285 284 283 282 281 280 279 278 277 276 275 274 273 272 271 270 269 268 267 266 265 264 263 262 261 260 259 258 257 256 255 254 253 252 251 250 249 248 247 246 245 244 243 242 241 240 239 235 234 233 232 231 230 229 228 227 226 225 224 223 222 221 220 219 218 217 216 215 214 213 212 211 210 209 208 207 206 205 204 203 202 152 201 153 200 154 199 155 198 156 197 196 195 194 193 192 191 190 189 188 187 186 185 184 183 182 181 180 179 178 177 176 175 174 173 172 171 170 169 168 167 166 165 164 163 162 384 385 386 387 388 389 390 391 392 393 394 395 396 397 398 399 400 401 402 403 404 405 406 407 408 409 410 411 412 413 414 415 416 417 418 419 420 421 422 423 424 425 426 427 428 335 334 333 332 331 330 329 328 327 326 325 324 323 322 321 320 319 318 317 316 315 314 313 312 311 488 487 486 485 484 483 429 482 430 481 431 480 432 479 433 478 434 477 435 476 436 475 437 474 438 473 439 472 440 471 501 500 499 498 497 496 495 494 493 492 491 490 502 489 503 504 505 506 507 508 509 510 511 512 513 514 515 516 517 518 519 520 521 522 523 524 525 526 527 528 529 530 531 532 533 534 535 536 537 538 539 540 541 542 543 544 545 546 547 548 549 550 551 552 553 554 555 566 656 567 655 568 654 569 653 570 652 571 651 572 650 573 649 574 648 575 647 576 646 577 645 578 644 579 643 580 642 581 641 582 640 583 639 584 638 585 637 586 636 587 635 588 634 589 633 590 632 591 631 592 630 593 629 594 628 595 627 596 626 597 625 598 624 599 623 600 622 601 621 602 620 603 619 604 618 605 617 606 616 607 615 608 614 613 612 611 610 609 709 710 703 711 702 712 701 713 700 714 699 715 698 716 697 717 696 718 695 719 694 720 693 721 692 722 691 723 690 724 689 725 688 726 687 727 686 728 685 729 684 730 683 731 682 732 681 733 680 734 679 735 678 736 677 737 676 738 675 739 674 740 673 741 672 742 671 743 670 744 669 668 667 666 665 664 663 662 661 660 659 658 657 565 564 563 562 561 560 559 558 557 556 745 807 875 808 809 810 811 812 813 814 815 816 817 818 819 820 821 822 823 824 825 826 827 828 829 830 831 832 833 834 835 836 837 838 839 840 841 842 843 844 845 846 847 848 849 850 851 852 853 854 855 856 857 858 859 860 861 862 863 864 865 866 867 868 869 870 871 872 873 874 238 237 236 135 136 137 138 139 140 141 151 150 104 90 63 62 124 1316 1363 1317 1362 1318 1361 1319 1360 1320 1359 1321 1358 1322 1357 1323 1356 1324 1355 1325 1354 1326 1353 1327 1352 1262 1240 1263 1239 1264 1238 1265 1237 1266 1236 1267 1235 1268 1234 1269 1233 1270 1232 1271 1231 1272 1230 1273 1229 1351 1350 1328 1349 1329 1348 1330 1347 1260 1261 1242 1241 1346 1243 1331 1345 1332 1344 1259 1245 1258 1246 1343 1342 1257 1247 1256 1248 1255 1333 1341 1334 1340 1335 1339 1249 1250 1251 1254 1252 1253 1336 1338 1337 1244 447 446 445 444 443 442 441 448 449 450 451 452 453 454 455 456 457 458 459 460 461 462 463 464 465 466 467 468 469 470 787 918 917 786 785 916 915 784 783 914 913 782 781 912 911 780 779 910 909 778 777 908 907 776 775 906 905 774 773 904 903 772 771 902 901 770 769 900 899 768 767 898 897 766 765 896 895 764 763 894 893 762 761 892 891 760 759 890 889 758 757 888 887 756 755 886 885 798 754 753 799 752 800 751 801 750 802 749 803 748 804 747 805 746 806 877 878 879 880 881 882 883 884 876 932 931 930 929 933 928 934 935 948 972 986 996 987 995 1008 1007 1006 985 974 946 975 945 944 943 998 1051 1052 1060 1078 1079 1075 1050 997 1049 1074 1073 1072 1087 1086 1071 1061 1070 1080 1069 1081 1063 1062 1009 994 988 970 949 950 969 951 968 952 967 953 966 990 965 991 964 954 963 955 962 956 961 957 960 958 959 1019 1018 1017 1016 1015 1014 992 1013 1012 1011 1048 1010 989 1068 1083 1084 1085 1092 1093 1094 1095 1096 1065 1066 1067 1064 1020 1021 1022 1023 1024 1025 1026 1027 1028 1029 1030 1031 1032 1033 1034 1035 1036 1037 1038 1039 1040 1041 1042 1043 1044 1045 1046 1047 1102 1103 1104 1105 1106 1107 1108 1109 1110 1111 1112 1113 1114 1115 1116 1117 1118 1119 1120 1121 1122 1123 1124 1125 1126 1127 1128 1129 1130 1131 1132 1133 1134 1135 1204 1203 1136 1137 1202 1201 1138 1139 1140 1141 1142 1143 1144 1145 1146 1147 1148 1149 1150 1151 1152 1153 1154 1155 1156 1157 1158 1159 1160 1161 1162 1163 1164 1165 1166 1167 1168 1169 1170 1171 1172 1173 1174 1175 1176 1177 1178 1179 1180 1181 1182 1183 1184 1185 1186 1187 1188 1189 1190 1191 1192 1193 1194 1195 1196 1197 1198 1199 1200 1391 1439 1392 1440 1393 1441 1394 1442 1484 1525 1483 1524 1482 1523 1481 1526 1485 1443 1395 1396 1444 1397 1445 1398 1446 1399 1447 1400 1448 1401 1449 1402 1450 1492 1533 1491 1532 1490 1531 1489 1530 1488 1529 1487 1528 1486 1527 1534 1576 1575 1522 1574 1521 1573 1520 1572 1479 1480 1437 1438 1571 1436 1519 1570 1518 1569 1478 1434 1477 1433 1568 1567 1476 1432 1475 1431 1474 1516 1565 1515 1564 1429 1430 1428 1473 1427 1472 1514 1562 1563 1517 1566 1435 1099 1098 1097 1100 1101 1088 1089 1076 1054 1005 1055 1004 1056 1003 1057 1058 1059 936 937 938 939 979 940 978 941 977 942 976 983 1001 984 1000 999 1053 1002 982 981 980 1077 1090 973 947 971 993 1082 1091 1403 1451 1404 1452 1405 1453 1406 1454 1496 1538 1497 1455 1407 1408 1456 1409 1457 1410 1458 1411 1459 1412 1460 1413 1461 1414 1462 1504 1546 1545 1503 1544 1502 1543 1501 1542 1500 1541 1499 1540 1498 1539 1537 1495 1536 1494 1535 1493 1561 1560 1513 1559 1512 1558 1511 1557 1470 1471 1425 1426 1556 1424 1510 1555 1509 1554 1469 1422 1468 1421 1553 1552 1467 1420 1466 1419 1465 1507 1550 1506 1549 1417 1416 1464 1415 1463 1505 1548 1547 1418 1508 1551 1423 919 788 789 920 921 790 791 922 923 792 793 924 925 794 795 926 927 796 797 708 707 706 705 704 0 
---------------------
27343.873900
0 1 2 3 4 21 22 23 24 25 14 13 12 35 48 50 60 51 59 46 47 61 49 34 11 33 26 32 27 31 28 29 30 64 89 103 102 88 65 66 87 101 86 67 68 85 123 122 121 120 119 118 125 117 126 116 127 115 128 129 130 131 132 133 98 92 99 91 81 71 52 53 72 73 80 93 94 79 78 74 77 75 76 41 40 42 39 43 38 44 37 45 36 54 10 6 5 70 82 83 69 84 58 100 114 105 113 106 112 107 111 108 110 109 97 96 95 57 56 55 19 18 17 16 15 7 8 9 20 1364 1315 1365 1275 1227 1228 1274 1226 1225 1314 1366 1367 1313 1276 1224 1277 1223 1278 1368 1312 1369 1370 1279 1222 1221 1280 1371 1311 1372 1310 1219 1373 1374 1309 1375 1308 1376 1307 1377 1378 1217 1218 1282 1281 1220 1283 1216 1284 1215 1285 1214 1286 1213 1287 1212 1288 1211 1289 1210 1290 1209 1291 1208 1292 1207 1293 1206 1294 1205 1295 1390 1296 1389 1297 1388 1298 1387 1299 1386 1300 1385 1301 1384 1302 1383 1303 1382 1304 1381 1305 1380 1306 1379 147 146 145 144 143 142 134 149 148 161 160 159 158 157 336 337 338 339 340 341 342 343 344 345 346 347 348 349 350 351 352 353 354 355 356 357 358 359 360 361 362 363 364 365 366 367 368 369 370 371 372 373 374 375 376 377 378 379 380 381 382 383 310 309 308 307 306 305 304 303 302 301 300 299 298 297 296 295 294 293 292 291 290 289 288 287 286 285 284 283 282 281 280 279 278 277 276 275 274 273 272 271 270 269 268 267 266 265 264 263 262 261 260 259 258 257 256 255 254 253 252 251 250 249 248 247 246 245 244 243 242 241 240 239 235 234 233 232 231 230 229 228 227 226 225 224 223 222 221 220 219 218 217 216 215 214 213 212 211 210 209 208 207 206 205 204 203 202 152 201 153 200 154 199 155 198 156 197 196 195 194 193 192 191 190 189 188 187 186 185 184 183 182 181 180 179 178 177 176 175 174 173 172 171 170 169 168 167 166 165 164 163 162 384 385 386 387 388 389 390 391 392 393 394 395 396 397 398 399 400 401 402 403 404 405 406 407 408 409 410 411 412 413 414 415 416 417 418 419 420 421 422 423 424 425 426 427 428 335 334 333 332 331 330 329 328 327 326 325 324 323 322 321 320 319 318 317 316 315 314 313 312 311 488 487 486 485 484 483 429 482 430 481 431 480 432 479 433 478 434 477 435 476 436 475 437 474 438 473 439 472 440 471 501 500 499 498 497 496 495 494 493 492 491 490 502 489 503 504 505 506 507 508 509 510 511 512 513 514 515 516 517 518 519 520 521 522 523 524 525 526 527 528 529 530 531 532 533 534 535 536 537 538 539 540 541 542 543 544 545 546 547 548 549 550 551 552 553 554 555 566 656 567 655 568 654 569 653 570 652 571 651 572 650 573 649 574 648 575 647 576 646 577 645 578 644 579 643 580 642 581 641 582 640 583 639 584 638 585 637 586 636 587 635 588 634 589 633 590 632 591 631 592 630 593 629 594 628 595 627 596 626 597 625 598 624 599 623 600 622 601 621 602 620 603 619 604 618 605 617 606 616 607 615 608 614 613 612 611 610 609 709 710 703 711 702 712 701 713 700 714 699 715 698 716 697 717 696 718 695 719 694 720 693 721 692 722 691 723 690 724 689 725 688 726 687 727 686 728 685 729 684 730 683 731 682 732 681 733 680 734 679 735 678 736 677 737 676 738 675 739 674 740 673 741 672 742 671 743 670 744 669 668 667 666 665 664 663 662 661 660 659 658 657 565 564 563 562 561 560 559 558 557 556 745 807 875 808 809 810 811 812 813 814 815 816 817 818 819 820 821 822 823 824 825 826 827 828 829 830 831 832 833 834 835 836 837 838 839 840 841 842 843 844 845 846 847 848 849 850 851 852 853 854 855 856 857 858 859 860 861 862 863 864 865 866 867 868 869 870 871 872 873 874 238 237 236 135 136 137 138 139 140 141 151 150 104 90 63 62 124 1316 1363 1317 1362 1318 1361 1319 1360 1320 1359 1321 1358 1322 1357 1323 1356 1324 1355 1325 1354 1326 1353 1327 1352 1262 1240 1263 1239 1264 1238 1265 1237 1266 1236 1267 1235 1268 1234 1269 1233 1270 1232 1271 1231 1272 1230 1273 1229 1351 1350 1328 1349 1329 1348 1330 1347 1260 1261 1242 1241 1346 1243 1331 1345 1332 1344 1259 1245 1258 1246 1343 1342 1257 1247 1256 1248 1255 1333 1341 1334 1340 1335 1339 1249 1250 1251 1254 1252 1253 1336 1338 1337 1244 447 446 445 444 443 442 441 448 449 450 451 452 453 454 455 456 457 458 459 460 461 462 463 464 465 466 467 468 469 470 787 918 917 786 785 916 915 784 783 914 913 782 781 912 911 780 779 910 909 778 777 908 907 776 775 906 905 774 773 904 903 772 771 902 901 770 769 900 899 768 767 898 897 766 765 896 895 764 763 894 893 762 761 892 891 760 759 890 889 758 757 888 887 756 755 886 885 798 754 753 799 752 800 751 801 750 802 749 803 748 804 747 805 746 806 877 878 879 880 881 882 883 884 876 932 931 930 929 933 928 934 935 948 972 986 996 987 995 1008 1007 1006 985 974 946 975 945 944 943 998 1051 1052 1060 1078 1079 1075 1050 997 1049 1074 1073 1072 1087 1086 1071 1061 1070 1080 1069 1081 1063 1062 1009 994 988 970 949 950 969 951 968 952 967 953 966 990 965 991 964 954 963 955 962 956 961 957 960 958 959 1019 1018 1017 1016 1015 1014 992 1013 1012 1011 1048 1010 989 1068 1083 1084 1085 1092 1093 1094 1095 1096 1065 1066 1067 1064 1020 1021 1022 1023 1024 1025 1026 1027 1028 1029 1030 1031 1032 1033 1034 1035 1036 1037 1038 1039 1040 1041 1042 1043 1044 1045 1046 1047 1102 1103 1104 1105 1106 1107 1108 1109 1110 1111 1112 1113 1114 1115 1116 1117 1118 1119 1120 1121 1122 1123 1124 1125 1126 1127 1128 1129 1130 1131 1132 1133 1134 1135 1204 1203 1136 1137 1202 1201 1138 1139 1140 1141 1142 1143 1144 1145 1146 1147 1148 1149 1150 1151 1152 1153 1154 1155 1156 1157 1158 1159 1160 1161 1162 1163 1164 1165 1166 1167 1168 1169 1170 1171 1172 1173 1174 1175 1176 1177 1178 1179 1180 1181 1182 1183 1184 1185 1186 1187 1188 1189 1190 1191 1192 1193 1194 1195 1196 1197 1198 1199 1200 1391 1439 1392 1440 1393 1441 1394 1442 1484 1525 1483 1524 1482 1523 1481 1526 1485 1443 1395 1396 1444 1397 1445 1398 1446 1399 1447 1400 1448 1401 1449 1402 1450 1492 1533 1491 1532 1490 1531 1489 1530 1488 1529 1487 1528 1486 1527 1534 1576 1575 1522 1574 1521 1573 1520 1572 1479 1480 1437 1438 1571 1436 1519 1570 1518 1569 1478 1434 1477 1433 1568 1567 1476 1432 1475 1431 1474 1516 1565 1515 1564 1429 1430 1428 1473 1427 1472 1514 1562 1563 1517 1566 1435 1099 1098 1097 1100 1101 1088 1089 1076 1054 1005 1055 1004 1056 1003 1057 1058 1059 936 937 938 939 979 940 978 941 977 942 976 983 1001 984 1000 999 1053 1002 982 981 980 1077 1090 973 947 971 993 1082 1091 1403 1451 1404 1452 1405 1453 1406 1454 1496 1538 1497 1455 1407 1408 1456 1409 1457 1410 1458 1411 1459 1412 1460 1413 1461 1414 1462 1504 1546 1545 1503 1544 1502 1543 1501 1542 1500 1541 1499 1540 1498 1539 1537 1495 1536 1494 1535 1493 1561 1560 1513 1559 1512 1558 1511 1557 1470 1471 1425 1426 1556 1424 1510 1555 1509 1554 1469 1422 1468 1421 1553 1552 1467 1420 1466 1419 1465 1507 1550 1506 1549 1417 1416 1464 1415 1463 1505 1548 1547 1418 1508 1551 1423 919 788 789 920 921 790 791 922 923 792 793 924 925 794 795 926 927 796 797 708 707 706 705 704 0 
---------------------
27343.873900
0 1 2 3 4 21 22 23 24 25 14 13 12 35 48 50 60 51 59 46 47 61 49 34 11 33 26 32 27 31 28 29 30 64 89 103 102 88 65 66 87 101 86 67 68 85 123 122 121 120 119 118 125 117 126 116 127 115 128 129 130 131 132 133 98 92 99 91 81 71 52 53 72 73 80 93 94 79 78 74 77 75 76 41 40 42 39 43 38 44 37 45 36 54 10 6 5 70 82 83 69 84 58 100 114 105 113 106 112 107 111 108 110 109 97 96 95 57 56 55 19 18 17 16 15 7 8 9 20 1364 1315 1365 1275 1227 1228 1274 1226 1225 1314 1366 1367 1313 1276 1224 1277 1223 1278 1368 1312 1369 1370 1279 1222 1221 1280 1371 1311 1372 1310 1219 1373 1374 1309 1375 1308 1376 1307 1377 1378 1217 1218 1282 1281 1220 1283 1216 1284 1215 1285 1214 1286 1213 1287 1212 1288 1211 1289 1210 1290 1209 1291 1208 1292 1207 1293 1206 1294 1205 1295 1390 1296 1389 1297 1388 1298 1387 1299 1386 1300 1385 1301 1384 1302 1383 1303 1382 1304 1381 1305 1380 1306 1379 147 146 145 144 143 142 134 149 148 161 160 159 158 157 336 337 338 339 340 341 342 343 344 345 346 347 348 349 350 351 352 353 354 355 356 357 358 359 360 361 362 363 364 365 366 367 368 369 370 371 372 373 374 375 376 377 378 379 380 381 382 383 310 309 308 307 306 305 304 303 302 301 300 299 298 297 296 295 294 293 292 291 290 289 288 287 286 285 284 283 282 281 280 279 278 277 276 275 274 273 272 271 270 269 268 267 266 265 264 263 262 261 260 259 258 257 256 255 254 253 252 251 250 249 248 247 246 245 244 243 242 241 240 239 235 234 233 232 231 230 229 228 227 226 225 224 223 222 221 220 219 218 217 216 215 214 213 212 211 210 209 208 207 206 205 204 203 202 152 201 153 200 154 199 155 198 156 197 196 195 194 193 192 191 190 189 188 187 186 185 184 183 182 181 180 179 178 177 176 175 174 173 172 171 170 169 168 167 166 165 164 163 162 384 385 386 387 388 389 390 391 392 393 394 395 396 397 398 399 400 401 402 403 404 405 406 407 408 409 410 411 412 413 414 415 416 417 418 419 420 421 422 423 424 425 426 427 428 335 334 333 332 331 330 329 328 327 326 325 324 323 322 321 320 319 318 317 316 315 314 313 312 311 488 487 486 485 484 483 429 482 430 481 431 480 432 479 433 478 434 477 435 476 436 475 437 474 438 473 439 472 440 471 501 500 499 498 497 496 495 494 493 492 491 490 502 489 503 504 505 506 507 508 509 510 511 512 513 514 515 516 517 518 519 520 521 522 523 524 525 526 527 528 529 530 531 532 533 534 535 536 537 538 539 540 541 542 543 544 545 546 547 548 549 550 551 552 553 554 555 566 656 567 655 568 654 569 653 570 652 571 651 572 650 573 649 574 648 575 647 576 646 577 645 578 644 579 643 580 642 581 641 582 640 583 639 584 638 585 637 586 636 587 635 588 634 589 633 590 632 591 631 592 630 593 629 594 628 595 627 596 626 597 625 598 624 599 623 600 622 601 621 602 620 603 619 604 618 605 617 606 616 607 615 608 614 613 612 611 610 609 709 710 703 711 702 712 701 713 700 714 699 715 698 716 697 717 696 718 695 719 694 720 693 721 692 722 691 723 690 724 689 725 688 726 687 727 686 728 685 729 684 730 683 731 682 732 681 733 680 734 679 735 678 736 677 737 676 738 675 739 674 740 673 741 672 742 671 743 670 744 669 668 667 666 665 664 663 662 661 660 659 658 657 565 564 563 562 561 560 559 558 557 556 745 807 875 808 809 810 811 812 813 814 815 816 817 818 819 820 821 822 823 824 825 826 827 828 829 830 831 832 833 834 835 836 837 838 839 840 841 842 843 844 845 846 847 848 849 850 851 852 853 854 855 856 857 858 859 860 861 862 863 864 865 866 867 868 869 870 871 872 873 874 238 237 236 135 136 137 138 139 140 141 151 150 104 90 63 62 124 1316 1363 1317 1362 1318 1361 1319 1360 1320 1359 1321 1358 1322 1357 1323 1356 1324 1355 1325 1354 1326 1353 1327 1352 1262 1240 1263 1239 1264 1238 1265 1237 1266 1236 1267 1235 1268 1234 1269 1233 1270 1232 1271 1231 1272 1230 1273 1229 1351 1350 1328 1349 1329 1348 1330 1347 1260 1261 1242 1241 1346 1243 1331 1345 1332 1344 1259 1245 1258 1246 1343 1342 1257 1247 1256 1248 1255 1333 1341 1334 1340 1335 1339 1249 1250 1251 1254 1252 1253 1336 1338 1337 1244 447 446 445 444 443 442 441 448 449 450 451 452 453 454 455 456 457 458 459 460 461 462 463 464 465 466 467 468 469 470 787 918 917 786 785 916 915 784 783 914 913 782 781 912 911 780 779 910 909 778 777 908 907 776 775 906 905 774 773 904 903 772 771 902 901 770 769 900 899 768 767 898 897 766 765 896 895 764 763 894 893 762 761 892 891 760 759 890 889 758 757 888 887 756 755 886 885 798 754 753 799 752 800 751 801 750 802 749 803 748 804 747 805 746 806 877 878 879 880 881 882 883 884 876 932 931 930 929 933 928 934 935 948 972 986 996 987 995 1008 1007 1006 985 974 946 975 945 944 943 998 1051 1052 1060 1078 1079 1075 1050 997 1049 1074 1073 1072 1087 1086 1071 1061 1070 1080 1069 1081 1063 1062 1009 994 988 970 949 950 969 951 968 952 967 953 966 990 965 991 964 954 963 955 962 956 961 957 960 958 959 1019 1018 1017 1016 1015 1014 992 1013 1012 1011 1048 1010 989 1068 1083 1084 1085 1092 1093 1094 1095 1096 1065 1066 1067 1064 1020 1021 1022 1023 1024 1025 1026 1027 1028 1029 1030 1031 1032 1033 1034 1035 1036 1037 1038 1039 1040 1041 1042 1043 1044 1045 1046 1047 1102 1103 1104 1105 1106 1107 1108 1109 1110 1111 1112 1113 1114 1115 1116 1117 1118 1119 1120 1121 1122 1123 1124 1125 1126 1127 1128 1129 1130 1131 1132 1133 1134 1135 1204 1203 1136 1137 1202 1201 1138 1139 1140 1141 1142 1143 1144 1145 1146 1147 1148 1149 1150 1151 1152 1153 1154 1155 1156 1157 1158 1159 1160 1161 1162 1163 1164 1165 1166 1167 1168 1169 1170 1171 1172 1173 1174 1175 1176 1177 1178 1179 1180 1181 1182 1183 1184 1185 1186 1187 1188 1189 1190 1191 1192 1193 1194 1195 1196 1197 1198 1199 1200 1391 1439 1392 1440 1393 1441 1394 1442 1484 1525 1483 1524 1482 1523 1481 1526 1485 1443 1395 1396 1444 1397 1445 1398 1446 1399 1447 1400 1448 1401 1449 1402 1450 1492 1533 1491 1532 1490 1531 1489 1530 1488 1529 1487 1528 1486 1527 1534 1576 1575 1522 1574 1521 1573 1520 1572 1479 1480 1437 1438 1571 1436 1519 1570 1518 1569 1478 1434 1477 1433 1568 1567 1476 1432 1475 1431 1474 1516 1565 1515 1564 1429 1430 1428 1473 1427 1472 1514 1562 1563 1517 1566 1435 1099 1098 1097 1100 1101 1088 1089 1076 1054 1005 1055 1004 1056 1003 1057 1058 1059 936 937 938 939 979 940 978 941 977 942 976 983 1001 984 1000 999 1053 1002 982 981 980 1077 1090 973 947 971 993 1082 1091 1403 1451 1404 1452 1405 1453 1406 1454 1496 1538 1497 1455 1407 1408 1456 1409 1457 1410 1458 1411 1459 1412 1460 1413 1461 1414 1462 1504 1546 1545 1503 1544 1502 1543 1501 1542 1500 1541 1499 1540 1498 1539 1537 1495 1536 1494 1535 1493 1561 1560 1513 1559 1512 1558 1511 1557 1470 1471 1425 1426 1556 1424 1510 1555 1509 1554 1469 1422 1468 1421 1553 1552 1467 1420 1466 1419 1465 1507 1550 1506 1549 1417 1416 1464 1415 1463 1505 1548 1547 1418 1508 1551 1423 919 788 789 920 921 790 791 922 923 792 793 924 925 794 795 926 927 796 797 708 707 706 705 704 0 
---------------------
27343.873900
0 1 2 3 4 21 22 23 24 25 14 13 12 35 48 50 60 51 59 46 47 61 49 34 11 33 26 32 27 31 28 29 30 64 89 103 102 88 65 66 87 101 86 67 68 85 123 122 121 120 119 118 125 117 126 116 127 115 128 129 130 131 132 133 98 92 99 91 81 71 52 53 72 73 80 93 94 79 78 74 77 75 76 41 40 42 39 43 38 44 37 45 36 54 10 6 5 70 82 83 69 84 58 100 114 105 113 106 112 107 111 108 110 109 97 96 95 57 56 55 19 18 17 16 15 7 8 9 20 1364 1315 1365 1275 1227 1228 1274 1226 1225 1314 1366 1367 1313 1276 1224 1277 1223 1278 1368 1312 1369 1370 1279 1222 1221 1280 1371 1311 1372 1310 1219 1373 1374 1309 1375 1308 1376 1307 1377 1378 1217 1218 1282 1281 1220 1283 1216 1284 1215 1285 1214 1286 1213 1287 1212 1288 1211 1289 1210 1290 1209 1291 1208 1292 1207 1293 1206 1294 1205 1295 1390 1296 1389 1297 1388 1298 1387 1299 1386 1300 1385 1301 1384 1302 1383 1303 1382 1304 1381 1305 1380 1306 1379 147 146 145 144 143 142 134 149 148 161 160 159 158 157 336 337 338 339 340 341 342 343 344 345 346 347 348 349 350 351 352 353 354 355 356 357 358 359 360 361 362 363 364 365 366 367 368 369 370 371 372 373 374 375 376 377 378 379 380 381 382 383 310 309 308 307 306 305 304 303 302 301 300 299 298 297 296 295 294 293 292 291 290 289 288 287 286 285 284 283 282 281 280 279 278 277 276 275 274 273 272 271 270 269 268 267 266 265 264 263 262 261 260 259 258 257 256 255 254 253 252 251 250 249 248 247 246 245 244 243 242 241 240 239 235 234 233 232 231 230 229 228 227 226 225 224 223 222 221 220 219 218 217 216 215 214 213 212 211 210 209 208 207 206 205 204 203 202 152 201 153 200 154 199 155 198 156 197 196 195 194 193 192 191 190 189 188 187 186 185 184 183 182 181 180 179 178 177 176 175 174 173 172 171 170 169 168 167 166 165 164 163 162 384 385 386 387 388 389 390 391 392 393 394 395 396 397 398 399 400 401 402 403 404 405 406 407 408 409 410 411 412 413 414 415 416 417 418 419 420 421 422 423 424 425 426 427 428 335 334 333 332 331 330 329 328 327 326 325 324 323 322 321 320 319 318 317 316 315 314 313 312 311 488 487 486 485 484 483 429 482 430 481 431 480 432 479 433 478 434 477 435 476 436 475 437 474 438 473 439 472 440 471 501 500 499 498 497 496 495 494 493 492 491 490 502 489 503 504 505 506 507 508 509 510 511 512 513 514 515 516 517 518 519 520 521 522 523 524 525 526 527 528 529 530 531 532 533 534 535 536 537 538 539 540 541 542 543 544 545 546 547 548 549 550 551 552 553 554 555 566 656 567 655 568 654 569 653 570 652 571 651 572 650 573 649 574 648 575 647 576 646 577 645 578 644 579 643 580 642 581 641 582 640 583 639 584 638 585 637 586 636 587 635 588 634 589 633 590 632 591 631 592 630 593 629 594 628 595 627 596 626 597 625 598 624 599 623 600 622 601 621 602 620 603 619 604 618 605 617 606 616 607 615 608 614 613 612 611 610 609 709 710 703 711 702 712 701 713 700 714 699 715 698 716 697 717 696 718 695 719 694 720 693 721 692 722 691 723 690 724 689 725 688 726 687 727 686 728 685 729 684 730 683 731 682 732 681 733 680 734 679 735 678 736 677 737 676 738 675 739 674 740 673 741 672 742 671 743 670 744 669 668 667 666 665 664 663 662 661 660 659 658 657 565 564 563 562 561 560 559 558 557 556 745 807 875 808 809 810 811 812 813 814 815 816 817 818 819 820 821 822 823 824 825 826 827 828 829 830 831 832 833 834 835 836 837 838 839 840 841 842 843 844 845 846 847 848 849 850 851 852 853 854 855 856 857 858 859 860 861 862 863 864 865 866 867 868 869 870 871 872 873 874 238 237 236 135 136 137 138 139 140 141 151 150 104 90 63 62 124 1316 1363 1317 1362 1318 1361 1319 1360 1320 1359 1321 1358 1322 1357 1323 1356 1324 1355 1325 1354 1326 1353 1327 1352 1262 1240 1263 1239 1264 1238 1265 1237 1266 1236 1267 1235 1268 1234 1269 1233 1270 1232 1271 1231 1272 1230 1273 1229 1351 1350 1328 1349 1329 1348 1330 1347 1260 1261 1242 1241 1346 1243 1331 1345 1332 1344 1259 1245 1258 1246 1343 1342 1257 1247 1256 1248 1255 1333 1341 1334 1340 1335 1339 1249 1250 1251 1254 1252 1253 1336 1338 1337 1244 447 446 445 444 443 442 441 448 449 450 451 452 453 454 455 456 457 458 459 460 461 462 463 464 465 466 467 468 469 470 787 918 917 786 785 916 915 784 783 914 913 782 781 912 911 780 779 910 909 778 777 908 907 776 775 906 905 774 773 904 903 772 771 902 901 770 769 900 899 768 767 898 897 766 765 896 895 764 763 894 893 762 761 892 891 760 759 890 889 758 757 888 887 756 755 886 885 798 754 753 799 752 800 751 801 750 802 749 803 748 804 747 805 746 806 877 878 879 880 881 882 883 884 876 932 931 930 929 933 928 934 935 948 972 986 996 987 995 1008 1007 1006 985 974 946 975 945 944 943 998 1051 1052 1060 1078 1079 1075 1050 997 1049 1074 1073 1072 1087 1086 1071 1061 1070 1080 1069 1081 1063 1062 1009 994 988 970 949 950 969 951 968 952 967 953 966 990 965 991 964 954 963 955 962 956 961 957 960 958 959 1019 1018 1017 1016 1015 1014 992 1013 1012 1011 1048 1010 989 1068 1083 1084 1085 1092 1093 1094 1095 1096 1065 1066 1067 1064 1020 1021 1022 1023 1024 1025 1026 1027 1028 1029 1030 1031 1032 1033 1034 1035 1036 1037 1038 1039 1040 1041 1042 1043 1044 1045 1046 1047 1102 1103 1104 1105 1106 1107 1108 1109 1110 1111 1112 1113 1114 1115 1116 1117 1118 1119 1120 1121 1122 1123 1124 1125 1126 1127 1128 1129 1130 1131 1132 1133 1134 1135 1204 1203 1136 1137 1202 1201 1138 1139 1140 1141 1142 1143 1144 1145 1146 1147 1148 1149 1150 1151 1152 1153 1154 1155 1156 1157 1158 1159 1160 1161 1162 1163 1164 1165 1166 1167 1168 1169 1170 1171 1172 1173 1174 1175 1176 1177 1178 1179 1180 1181 1182 1183 1184 1185 1186 1187 1188 1189 1190 1191 1192 1193 1194 1195 1196 1197 1198 1199 1200 1391 1439 1392 1440 1393 1441 1394 1442 1484 1525 1483 1524 1482 1523 1481 1526 1485 1443 1395 1396 1444 1397 1445 1398 1446 1399 1447 1400 1448 1401 1449 1402 1450 1492 1533 1491 1532 1490 1531 1489 1530 1488 1529 1487 1528 1486 1527 1534 1576 1575 1522 1574 1521 1573 1520 1572 1479 1480 1437 1438 1571 1436 1519 1570 1518 1569 1478 1434 1477 1433 1568 1567 1476 1432 1475 1431 1474 1516 1565 1515 1564 1429 1430 1428 1473 1427 1472 1514 1562 1563 1517 1566 1435 1099 1098 1097 1100 1101 1088 1089 1076 1054 1005 1055 1004 1056 1003 1057 1058 1059 936 937 938 939 979 940 978 941 977 942 976 983 1001 984 1000 999 1053 1002 982 981 980 1077 1090 973 947 971 993 1082 1091 1403 1451 1404 1452 1405 1453 1406 1454 1496 1538 1497 1455 1407 1408 1456 1409 1457 1410 1458 1411 1459 1412 1460 1413 1461 1414 1462 1504 1546 1545 1503 1544 1502 1543 1501 1542 1500 1541 1499 1540 1498 1539 1537 1495 1536 1494 1535 1493 1561 1560 1513 1559 1512 1558 1511 1557 1470 1471 1425 1426 1556 1424 1510 1555 1509 1554 1469 1422 1468 1421 1553 1552 1467 1420 1466 1419 1465 1507 1550 1506 1549 1417 1416 1464 1415 1463 1505 1548 1547 1418 1508 1551 1423 919 788 789 920 921 790 791 922 923 792 793 924 925 794 795 926 927 796 797 708 707 706 705 704 0 
---------------------
>>>>>>>> Nome do Arquivo: gr666
4110.901000
0 311 310 312 313 314 315 439 440 442 443 395 399 394 393 397 398 402 404 368 403 396 392 391 390 441 324 323 322 321 327 331 330 329 333 345 352 353 356 357 354 355 358 359 365 366 367 369 417 418 374 373 372 376 377 378 380 381 382 383 384 423 421 420 419 408 406 409 410 422 407 405 411 413 414 415 428 429 486 416 446 412 444 445 453 452 451 455 456 457 458 459 519 520 521 524 525 512 511 510 509 526 527 528 529 535 536 537 538 547 541 542 540 539 532 533 534 531 530 472 471 470 469 468 465 466 467 474 475 476 616 615 617 613 610 611 608 600 599 598 607 609 612 614 603 605 604 606 568 566 567 565 564 573 572 571 570 569 563 562 561 546 549 552 551 553 554 556 557 558 555 548 543 544 545 559 560 601 602 473 464 463 462 461 449 450 448 447 438 436 437 454 488 489 493 494 495 496 497 499 500 501 498 155 157 156 154 435 490 492 491 518 517 516 522 515 523 514 513 502 503 504 159 163 506 505 507 165 164 160 161 162 185 184 183 187 189 190 192 188 186 180 179 178 177 176 175 174 173 169 168 167 166 138 172 171 170 181 182 148 152 388 386 385 387 150 151 149 147 250 251 244 252 254 253 259 266 265 264 267 286 289 285 288 287 284 263 290 293 294 292 291 295 296 298 299 297 305 304 306 303 302 249 236 235 238 237 241 239 240 145 144 143 142 141 139 140 234 247 246 248 245 243 242 146 255 256 257 375 371 370 362 363 364 272 351 273 271 270 360 361 262 261 260 268 269 275 278 280 281 282 279 274 336 338 337 340 342 343 341 344 332 339 283 328 326 325 320 319 316 317 318 300 301 277 276 346 347 348 349 350 401 400 335 389 334 258 379 430 425 424 431 426 427 433 432 434 487 153 158 508 202 203 204 205 201 200 199 198 197 196 195 191 193 194 206 207 219 218 220 228 227 226 224 223 222 221 211 212 210 209 208 213 214 215 225 229 230 231 233 232 550 577 574 575 576 578 579 580 581 582 583 584 586 589 590 585 639 593 592 591 594 595 596 597 588 587 634 633 632 622 621 620 618 619 481 483 482 484 623 624 625 626 627 629 630 628 631 485 477 480 479 478 658 657 656 637 638 636 635 646 645 644 642 643 641 647 640 655 654 651 650 649 648 460 307 308 17 16 45 46 47 48 42 12 41 43 37 36 38 39 40 35 34 33 32 31 30 29 10 8 9 6 7 19 18 5 20 21 22 23 25 27 28 52 53 54 56 55 60 59 58 61 62 63 66 67 68 69 70 71 89 90 91 93 94 95 97 98 99 100 101 103 102 126 125 117 116 114 113 112 111 110 109 115 105 106 104 137 136 85 84 83 135 134 133 132 131 130 129 124 123 122 121 120 119 118 127 128 96 87 88 82 86 81 80 79 78 77 76 74 75 73 72 50 51 49 44 64 65 57 26 24 11 13 14 15 309 4 2 3 1 659 660 662 661 663 664 92 107 108 217 216 665 653 652 0 
---------------------
4110.901000
0 311 310 312 313 314 315 439 440 442 443 395 399 394 393 397 398 402 404 368 403 396 392 391 390 441 324 323 322 321 327 331 330 329 333 345 352 353 356 357 354 355 358 359 365 366 367 369 417 418 374 373 372 376 377 378 380 381 382 383 384 423 421 420 419 408 406 409 410 422 407 405 411 413 414 415 428 429 486 416 446 412 444 445 453 452 451 455 456 457 458 459 519 520 521 524 525 512 511 510 509 526 527 528 529 535 536 537 538 547 541 542 540 539 532 533 534 531 530 472 471 470 469 468 465 466 467 474 475 476 616 615 617 613 610 611 608 600 599 598 607 609 612 614 603 605 604 606 568 566 567 565 564 573 572 571 570 569 563 562 561 546 549 552 551 553 554 556 557 558 555 548 543 544 545 559 560 601 602 473 464 463 462 461 449 450 448 447 438 436 437 454 488 489 493 494 495 496 497 499 500 501 498 155 157 156 154 435 490 492 491 518 517 516 522 515 523 514 513 502 503 504 159 163 506 505 507 165 164 160 161 162 185 184 183 187 189 190 192 188 186 180 179 178 177 176 175 174 173 169 168 167 166 138 172 171 170 181 182 148 152 388 386 385 387 150 151 149 147 250 251 244 252 254 253 259 266 265 264 267 286 289 285 288 287 284 263 290 293 294 292 291 295 296 298 299 297 305 304 306 303 302 249 236 235 238 237 241 239 240 145 144 143 142 141 139 140 234 247 246 248 245 243 242 146 255 256 257 375 371 370 362 363 364 272 351 273 271 270 360 361 262 261 260 268 269 275 278 280 281 282 279 274 336 338 337 340 342 343 341 344 332 339 283 328 326 325 320 319 316 317 318 300 301 277 276 346 347 348 349 350 401 400 335 389 334 258 379 430 425 424 431 426 427 433 432 434 487 153 158 508 202 203 204 205 201 200 199 198 197 196 195 191 193 194 206 207 219 218 220 228 227 226 224 223 222 221 211 212 210 209 208 213 214 215 225 229 230 231 233 232 550 577 574 575 576 578 579 580 581 582 583 584 586 589 590 585 639 593 592 591 594 595 596 597 588 587 634 633 632 622 621 620 618 619 481 483 482 484 623 624 625 626 627 629 630 628 631 485 477 480 479 478 658 657 656 637 638 636 635 646 645 644 642 643 641 647 640 655 654 651 650 649 648 460 307 308 17 16 45 46 47 48 42 12 41 43 37 36 38 39 40 35 34 33 32 31 30 29 10 8 9 6 7 19 18 5 20 21 22 23 25 27 28 52 53 54 56 55 60 59 58 61 62 63 66 67 68 69 70 71 89 90 91 93 94 95 97 98 99 100 101 103 102 126 125 117 116 114 113 112 111 110 109 115 105 106 104 137 136 85 84 83 135 134 133 132 131 130 129 124 123 122 121 120 119 118 127 128 96 87 88 82 86 81 80 79 78 77 76 74 75 73 72 50 51 49 44 64 65 57 26 24 11 13 14 15 309 4 2 3 1 659 660 662 661 663 664 92 107 108 217 216 665 653 652 0 
---------------------
4110.901000
0 311 310 312 313 314 315 439 440 442 443 395 399 394 393 397 398 402 404 368 403 396 392 391 390 441 324 323 322 321 327 331 330 329 333 345 352 353 356 357 354 355 358 359 365 366 367 369 417 418 374 373 372 376 377 378 380 381 382 383 384 423 421 420 419 408 406 409 410 422 407 405 411 413 414 415 428 429 486 416 446 412 444 445 453 452 451 455 456 457 458 459 519 520 521 524 525 512 511 510 509 526 527 528 529 535 536 537 538 547 541 542 540 539 532 533 534 531 530 472 471 470 469 468 465 466 467 474 475 476 616 615 617 613 610 611 608 600 599 598 607 609 612 614 603 605 604 606 568 566 567 565 564 573 572 571 570 569 563 562 561 546 549 552 551 553 554 556 557 558 555 548 543 544 545 559 560 601 602 473 464 463 462 461 449 450 448 447 438 436 437 454 488 489 493 494 495 496 497 499 500 501 498 155 157 156 154 435 490 492 491 518 517 516 522 515 523 514 513 502 503 504 159 163 506 505 507 165 164 160 161 162 185 184 183 187 189 190 192 188 186 180 179 178 177 176 175 174 173 169 168 167 166 138 172 171 170 181 182 148 152 388 386 385 387 150 151 149 147 250 251 244 252 254 253 259 266 265 264 267 286 289 285 288 287 284 263 290 293 294 292 291 295 296 298 299 297 305 304 306 303 302 249 236 235 238 237 241 239 240 145 144 143 142 141 139 140 234 247 246 248 245 243 242 146 255 256 257 375 371 370 362 363 364 272 351 273 271 270 360 361 262 261 260 268 269 275 278 280 281 282 279 274 336 338 337 340 342 343 341 344 332 339 283 328 326 325 320 319 316 317 318 300 301 277 276 346 347 348 349 350 401 400 335 389 334 258 379 430 425 424 431 426 427 433 432 434 487 153 158 508 202 203 204 205 201 200 199 198 197 196 195 191 193 194 206 207 219 218 220 228 227 226 224 223 222 221 211 212 210 209 208 213 214 215 225 229 230 231 233 232 550 577 574 575 576 578 579 580 581 582 583 584 586 589 590 585 639 593 592 591 594 595 596 597 588 587 634 633 632 622 621 620 618 619 481 483 482 484 623 624 625 626 627 629 630 628 631 485 477 480 479 478 658 657 656 637 638 636 635 646 645 644 642 643 641 647 640 655 654 651 650 649 648 460 307 308 17 16 45 46 47 48 42 12 41 43 37 36 38 39 40 35 34 33 32 31 30 29 10 8 9 6 7 19 18 5 20 21 22 23 25 27 28 52 53 54 56 55 60 59 58 61 62 63 66 67 68 69 70 71 89 90 91 93 94 95 97 98 99 100 101 103 102 126 125 117 116 114 113 112 111 110 109 115 105 106 104 137 136 85 84 83 135 134 133 132 131 130 129 124 123 122 121 120 119 118 127 128 96 87 88 82 86 81 80 79 78 77 76 74 75 73 72 50 51 49 44 64 65 57 26 24 11 13 14 15 309 4 2 3 1 659 660 662 661 663 664 92 107 108 217 216 665 653 652 0 
---------------------
4110.901000
0 311 310 312 313 314 315 439 440 442 443 395 399 394 393 397 398 402 404 368 403 396 392 391 390 441 324 323 322 321 327 331 330 329 333 345 352 353 356 357 354 355 358 359 365 366 367 369 417 418 374 373 372 376 377 378 380 381 382 383 384 423 421 420 419 408 406 409 410 422 407 405 411 413 414 415 428 429 486 416 446 412 444 445 453 452 451 455 456 457 458 459 519 520 521 524 525 512 511 510 509 526 527 528 529 535 536 537 538 547 541 542 540 539 532 533 534 531 530 472 471 470 469 468 465 466 467 474 475 476 616 615 617 613 610 611 608 600 599 598 607 609 612 614 603 605 604 606 568 566 567 565 564 573 572 571 570 569 563 562 561 546 549 552 551 553 554 556 557 558 555 548 543 544 545 559 560 601 602 473 464 463 462 461 449 450 448 447 438 436 437 454 488 489 493 494 495 496 497 499 500 501 498 155 157 156 154 435 490 492 491 518 517 516 522 515 523 514 513 502 503 504 159 163 506 505 507 165 164 160 161 162 185 184 183 187 189 190 192 188 186 180 179 178 177 176 175 174 173 169 168 167 166 138 172 171 170 181 182 148 152 388 386 385 387 150 151 149 147 250 251 244 252 254 253 259 266 265 264 267 286 289 285 288 287 284 263 290 293 294 292 291 295 296 298 299 297 305 304 306 303 302 249 236 235 238 237 241 239 240 145 144 143 142 141 139 140 234 247 246 248 245 243 242 146 255 256 257 375 371 370 362 363 364 272 351 273 271 270 360 361 262 261 260 268 269 275 278 280 281 282 279 274 336 338 337 340 342 343 341 344 332 339 283 328 326 325 320 319 316 317 318 300 301 277 276 346 347 348 349 350 401 400 335 389 334 258 379 430 425 424 431 426 427 433 432 434 487 153 158 508 202 203 204 205 201 200 199 198 197 196 195 191 193 194 206 207 219 218 220 228 227 226 224 223 222 221 211 212 210 209 208 213 214 215 225 229 230 231 233 232 550 577 574 575 576 578 579 580 581 582 583 584 586 589 590 585 639 593 592 591 594 595 596 597 588 587 634 633 632 622 621 620 618 619 481 483 482 484 623 624 625 626 627 629 630 628 631 485 477 480 479 478 658 657 656 637 638 636 635 646 645 644 642 643 641 647 640 655 654 651 650 649 648 460 307 308 17 16 45 46 47 48 42 12 41 43 37 36 38 39 40 35 34 33 32 31 30 29 10 8 9 6 7 19 18 5 20 21 22 23 25 27 28 52 53 54 56 55 60 59 58 61 62 63 66 67 68 69 70 71 89 90 91 93 94 95 97 98 99 100 101 103 102 126 125 117 116 114 113 112 111 110 109 115 105 106 104 137 136 85 84 83 135 134 133 132 131 130 129 124 123 122 121 120 119 118 127 128 96 87 88 82 86 81 80 79 78 77 76 74 75 73 72 50 51 49 44 64 65 57 26 24 11 13 14 15 309 4 2 3 1 659 660 662 661 663 664 92 107 108 217 216 665 653 652 0 
---------------------
4110.901000
0 311 310 312 313 314 315 439 440 442 443 395 399 394 393 397 398 402 404 368 403 396 392 391 390 441 324 323 322 321 327 331 330 329 333 345 352 353 356 357 354 355 358 359 365 366 367 369 417 418 374 373 372 376 377 378 380 381 382 383 384 423 421 420 419 408 406 409 410 422 407 405 411 413 414 415 428 429 486 416 446 412 444 445 453 452 451 455 456 457 458 459 519 520 521 524 525 512 511 510 509 526 527 528 529 535 536 537 538 547 541 542 540 539 532 533 534 531 530 472 471 470 469 468 465 466 467 474 475 476 616 615 617 613 610 611 608 600 599 598 607 609 612 614 603 605 604 606 568 566 567 565 564 573 572 571 570 569 563 562 561 546 549 552 551 553 554 556 557 558 555 548 543 544 545 559 560 601 602 473 464 463 462 461 449 450 448 447 438 436 437 454 488 489 493 494 495 496 497 499 500 501 498 155 157 156 154 435 490 492 491 518 517 516 522 515 523 514 513 502 503 504 159 163 506 505 507 165 164 160 161 162 185 184 183 187 189 190 192 188 186 180 179 178 177 176 175 174 173 169 168 167 166 138 172 171 170 181 182 148 152 388 386 385 387 150 151 149 147 250 251 244 252 254 253 259 266 265 264 267 286 289 285 288 287 284 263 290 293 294 292 291 295 296 298 299 297 305 304 306 303 302 249 236 235 238 237 241 239 240 145 144 143 142 141 139 140 234 247 246 248 245 243 242 146 255 256 257 375 371 370 362 363 364 272 351 273 271 270 360 361 262 261 260 268 269 275 278 280 281 282 279 274 336 338 337 340 342 343 341 344 332 339 283 328 326 325 320 319 316 317 318 300 301 277 276 346 347 348 349 350 401 400 335 389 334 258 379 430 425 424 431 426 427 433 432 434 487 153 158 508 202 203 204 205 201 200 199 198 197 196 195 191 193 194 206 207 219 218 220 228 227 226 224 223 222 221 211 212 210 209 208 213 214 215 225 229 230 231 233 232 550 577 574 575 576 578 579 580 581 582 583 584 586 589 590 585 639 593 592 591 594 595 596 597 588 587 634 633 632 622 621 620 618 619 481 483 482 484 623 624 625 626 627 629 630 628 631 485 477 480 479 478 658 657 656 637 638 636 635 646 645 644 642 643 641 647 640 655 654 651 650 649 648 460 307 308 17 16 45 46 47 48 42 12 41 43 37 36 38 39 40 35 34 33 32 31 30 29 10 8 9 6 7 19 18 5 20 21 22 23 25 27 28 52 53 54 56 55 60 59 58 61 62 63 66 67 68 69 70 71 89 90 91 93 94 95 97 98 99 100 101 103 102 126 125 117 116 114 113 112 111 110 109 115 105 106 104 137 136 85 84 83 135 134 133 132 131 130 129 124 123 122 121 120 119 118 127 128 96 87 88 82 86 81 80 79 78 77 76 74 75 73 72 50 51 49 44 64 65 57 26 24 11 13 14 15 309 4 2 3 1 659 660 662 661 663 664 92 107 108 217 216 665 653 652 0 
---------------------
